Date,Wordle Puzzle,Wordle Answer
"Today
									
								April 09, 2026",1755,"Reveal The Wordle
									 
										LADEN"
"April 08, 2026",1754,INLET
"April 07, 2026",1753,DENSE
"April 06, 2026",1752,SWORN
"April 05, 2026",1751,ENVOY
"April 04, 2026",1750,SANDY
"April 03, 2026",1749,SINGE
"April 02, 2026",1748,SOBER
"April 01, 2026",1747,FIZZY
"March 31, 2026",1746,SWAMP
"March 30, 2026",1745,COMET
"March 29, 2026",1744,CHUMP
"March 28, 2026",1743,AFOOT
"March 27, 2026",1742,IVORY
"March 26, 2026",1741,BEFIT
"March 25, 2026",1740,WISER
"March 24, 2026",1739,BROOD
"March 23, 2026",1738,SERIF
"March 22, 2026",1737,BASIL
"March 21, 2026",1736,SLICK
"March 20, 2026",1735,OASIS
"March 19, 2026",1734,REHAB
"March 18, 2026",1733,AMPLY
"March 17, 2026",1732,CLASP
"March 16, 2026",1731,DRAMA
"March 15, 2026",1730,GRADE
"March 14, 2026",1729,ANKLE
"March 13, 2026",1728,EATEN
"March 12, 2026",1727,SMELL
"March 11, 2026",1726,TEDDY
"March 10, 2026",1725,SHOAL
"March 09, 2026",1724,HASTY
"March 08, 2026",1723,LOBBY
"March 07, 2026",1722,VOGUE
"March 06, 2026",1721,GUNKY
"March 05, 2026",1720,SHEEP
"March 04, 2026",1719,THEFT
"March 03, 2026",1718,LINEN
"March 02, 2026",1717,SLIME
"March 01, 2026",1716,FLUKE
"February 28, 2026",1715,HYDRA
"February 27, 2026",1714,DIZZY
"February 26, 2026",1713,LANCE
"February 25, 2026",1712,SHRED
"February 24, 2026",1711,BUYER
"February 23, 2026",1710,ATTIC
"February 22, 2026",1709,GUAVA
"February 21, 2026",1708,AWAKE
"February 20, 2026",1707,STANK
"February 19, 2026",1706,HOIST
"February 18, 2026",1705,MOGUL
"February 17, 2026",1704,SQUAD
"February 16, 2026",1703,ROOST
"February 15, 2026",1702,SKULL
"February 14, 2026",1701,BLOOM
"February 13, 2026",1700,MOOCH
"February 12, 2026",1699,SURGE
"February 11, 2026",1698,VEGAN
"February 10, 2026",1697,SCENE
"February 09, 2026",1696,CELLO
"February 08, 2026",1695,EMBED
"February 07, 2026",1694,BLEAT
"February 06, 2026",1693,GAVEL
"February 05, 2026",1692,SWOOP
"February 04, 2026",1691,CHIDE
"February 03, 2026",1690,WEIGH
"February 02, 2026",1689,CIGAR
"February 01, 2026",1688,SPINY
"January 31, 2026",1687,ALLOT
"January 30, 2026",1686,JUMBO
"January 29, 2026",1685,FLAKY
"January 28, 2026",1684,CRUEL
"January 27, 2026",1683,DUSKY
"January 26, 2026",1682,FREAK
"January 25, 2026",1681,STRUT
"January 24, 2026",1680,CLIFF
"January 23, 2026",1679,BARON
"January 22, 2026",1678,CLINK
"January 21, 2026",1677,CUBIC
"January 20, 2026",1676,SULLY
"January 19, 2026",1675,WAXEN
"January 18, 2026",1674,SUMAC
"January 17, 2026",1673,FIERY
"January 16, 2026",1672,RACER
"January 15, 2026",1671,CHASM
"January 14, 2026",1670,AVOID
"January 13, 2026",1669,GUMBO
"January 12, 2026",1668,TRIAL
"January 11, 2026",1667,QUARK
"January 10, 2026",1666,MANIC
"January 09, 2026",1665,EIGHT
"January 08, 2026",1664,BLAST
"January 07, 2026",1663,PECAN
"January 06, 2026",1662,OOMPH
"January 05, 2026",1661,FILLY
"January 04, 2026",1660,POSSE
"January 03, 2026",1659,SITAR
"January 02, 2026",1658,PROOF
"January 01, 2026",1657,FABLE
"December 31, 2025",1656,SIREN
"December 30, 2025",1655,DECOR
"December 29, 2025",1654,FRUIT
"December 28, 2025",1653,ABBOT
"December 27, 2025",1652,BATCH
"December 26, 2025",1651,SPEED
"December 25, 2025",1650,PRISM
"December 24, 2025",1649,SPOOL
"December 23, 2025",1648,GLINT
"December 22, 2025",1647,CONCH
"December 21, 2025",1646,QUILT
"December 20, 2025",1645,WHITE
"December 19, 2025",1644,MYRRH
"December 18, 2025",1643,RUGBY
"December 17, 2025",1642,GRASS
"December 16, 2025",1641,SEGUE
"December 15, 2025",1640,DODGY
"December 14, 2025",1639,SWING
"December 13, 2025",1638,MISER
"December 12, 2025",1637,TRUCK
"December 11, 2025",1636,GUESS
"December 10, 2025",1635,ERASE
"December 09, 2025",1634,SNIDE
"December 08, 2025",1633,GRAVY
"December 07, 2025",1632,FLUTE
"December 06, 2025",1631,WAIST
"December 05, 2025",1630,AMONG
"December 04, 2025",1629,TULIP
"December 03, 2025",1628,HASTE
"December 02, 2025",1627,CACTI
"December 01, 2025",1626,LEACH
"November 30, 2025",1625,MUGGY
"November 29, 2025",1624,GRUFF
"November 28, 2025",1623,COLIC
"November 27, 2025",1622,REMIT
"November 26, 2025",1621,HOVEL
"November 25, 2025",1620,PLEAD
"November 24, 2025",1619,DOUGH
"November 23, 2025",1618,BUNNY
"November 22, 2025",1617,THICK
"November 21, 2025",1616,VOWEL
"November 20, 2025",1615,GRAVE
"November 19, 2025",1614,MAKER
"November 18, 2025",1613,OPINE
"November 17, 2025",1612,CLAMP
"November 16, 2025",1611,WIELD
"November 15, 2025",1610,CLUNG
"November 14, 2025",1609,LURID
"November 13, 2025",1608,TINGE
"November 12, 2025",1607,DEUCE
"November 11, 2025",1606,GIZMO
"November 10, 2025",1605,TABBY
"November 09, 2025",1604,FUGUE
"November 08, 2025",1603,ARISE
"November 07, 2025",1602,PERIL
"November 06, 2025",1601,GUISE
"November 05, 2025",1600,SHORT
"November 04, 2025",1599,VENUE
"November 03, 2025",1598,AWOKE
"November 02, 2025",1597,RABID
"November 01, 2025",1596,MOTEL
"October 31, 2025",1595,ABHOR
"October 30, 2025",1594,LATHE
"October 29, 2025",1593,GLARE
"October 28, 2025",1592,HOLLY
"October 27, 2025",1591,FETID
"October 26, 2025",1590,PLUMP
"October 25, 2025",1589,GAUGE
"October 24, 2025",1588,TUBER
"October 23, 2025",1587,DRILL
"October 22, 2025",1586,STUNT
"October 21, 2025",1585,DETOX
"October 20, 2025",1584,LIMBO
"October 19, 2025",1583,IDEAL
"October 18, 2025",1582,HAVEN
"October 17, 2025",1581,GROSS
"October 16, 2025",1580,CATTY
"October 15, 2025",1579,SPOOF
"October 14, 2025",1578,FORUM
"October 13, 2025",1577,BEARD
"October 12, 2025",1576,WOUND
"October 11, 2025",1575,STACK
"October 10, 2025",1574,LEVER
"October 09, 2025",1573,HARDY
"October 08, 2025",1572,ANNOY
"October 07, 2025",1571,NYLON
"October 06, 2025",1570,AMUSE
"October 05, 2025",1569,PLANE
"October 04, 2025",1568,RELAY
"October 03, 2025",1567,SPASM
"October 02, 2025",1566,WIDTH
"October 01, 2025",1565,SPOIL
"September 30, 2025",1564,GEESE
"September 29, 2025",1563,CIVIL
"September 28, 2025",1562,GOOEY
"September 27, 2025",1561,FRITZ
"September 26, 2025",1560,DALLY
"September 25, 2025",1559,DRAPE
"September 24, 2025",1558,BLUNT
"September 23, 2025",1557,MOUTH
"September 22, 2025",1556,QUILL
"September 21, 2025",1555,COVEN
"September 20, 2025",1554,DEFER
"September 19, 2025",1553,LATER
"September 18, 2025",1552,KNIFE
"September 17, 2025",1551,TEETH
"September 16, 2025",1550,LEFTY
"September 15, 2025",1549,ALONG
"September 14, 2025",1548,NOISY
"September 13, 2025",1547,NADIR
"September 12, 2025",1546,THROB
"September 11, 2025",1545,CHAIR
"September 10, 2025",1544,POUTY
"September 09, 2025",1543,TRICK
"September 08, 2025",1542,CHIRP
"September 07, 2025",1541,TENOR
"September 06, 2025",1540,BULGE
"September 05, 2025",1539,DRIFT
"September 04, 2025",1538,BLEND
"September 03, 2025",1537,FETCH
"September 02, 2025",1536,MIGHT
"September 01, 2025",1535,LEAST
"August 31, 2025",1534,PETAL
"August 30, 2025",1533,ELATE
"August 29, 2025",1532,GRAFT
"August 28, 2025",1531,SPLIT
"August 27, 2025",1530,TOWER
"August 26, 2025",1529,ANNEX
"August 25, 2025",1528,MIRTH
"August 24, 2025",1527,SPORE
"August 23, 2025",1526,UNION
"August 22, 2025",1525,RATTY
"August 21, 2025",1524,EXTOL
"August 20, 2025",1523,LLAMA
"August 19, 2025",1522,ROWDY
"August 18, 2025",1521,ISSUE
"August 17, 2025",1520,LOUSY
"August 16, 2025",1519,MATTE
"August 15, 2025",1518,LEVEL
"August 14, 2025",1517,KNELL
"August 13, 2025",1516,KEFIR
"August 12, 2025",1515,NOMAD
"August 11, 2025",1514,SOUTH
"August 10, 2025",1513,MINTY
"August 09, 2025",1512,NASAL
"August 08, 2025",1511,IMBUE
"August 07, 2025",1510,CORAL
"August 06, 2025",1509,GROAN
"August 05, 2025",1508,STORK
"August 04, 2025",1507,RIGID
"August 03, 2025",1506,LUMPY
"August 02, 2025",1505,DAUNT
"August 01, 2025",1504,BANJO
"July 31, 2025",1503,FRILL
"July 30, 2025",1502,ASSAY
"July 29, 2025",1501,OMEGA
"July 28, 2025",1500,SAVVY
"July 27, 2025",1499,WHOLE
"July 26, 2025",1498,HAUNT
"July 25, 2025",1497,GOFER
"July 24, 2025",1496,QUAKE
"July 23, 2025",1495,WATER
"July 22, 2025",1494,BURNT
"July 21, 2025",1493,TIZZY
"July 20, 2025",1492,BLANK
"July 19, 2025",1491,SWORD
"July 18, 2025",1490,LORIS
"July 17, 2025",1489,MODAL
"July 16, 2025",1488,NERVY
"July 15, 2025",1487,FOIST
"July 14, 2025",1486,UNDID
"July 13, 2025",1485,GNOME
"July 12, 2025",1484,EXILE
"July 11, 2025",1483,BRAND
"July 10, 2025",1482,JUMPY
"July 09, 2025",1481,NOVEL
"July 08, 2025",1480,DREAD
"July 07, 2025",1479,STILT
"July 06, 2025",1478,ATRIA
"July 05, 2025",1477,BALER
"July 04, 2025",1476,CURVE
"July 03, 2025",1475,POPPY
"July 02, 2025",1474,INCUR
"July 01, 2025",1473,MOLDY
"June 30, 2025",1472,BLINK
"June 29, 2025",1471,WITTY
"June 28, 2025",1470,STUMP
"June 27, 2025",1469,PLAIN
"June 26, 2025",1468,OFFER
"June 25, 2025",1467,COMFY
"June 24, 2025",1466,ELITE
"June 23, 2025",1465,ODDLY
"June 22, 2025",1464,THRUM
"June 21, 2025",1463,GLADE
"June 20, 2025",1462,TAUPE
"June 19, 2025",1461,CURIO
"June 18, 2025",1460,MUNCH
"June 17, 2025",1459,PRANK
"June 16, 2025",1458,PETTY
"June 15, 2025",1457,QUAIL
"June 14, 2025",1456,GHOST
"June 13, 2025",1455,BILGE
"June 12, 2025",1454,VIXEN
"June 11, 2025",1453,PLAID
"June 10, 2025",1452,TAFFY
"June 09, 2025",1451,BOARD
"June 08, 2025",1450,LEASE
"June 07, 2025",1449,REUSE
"June 06, 2025",1448,EDIFY
"June 05, 2025",1447,DATUM
"June 04, 2025",1446,CEASE
"June 03, 2025",1445,ADMIN
"June 02, 2025",1444,PREEN
"June 01, 2025",1443,ROUGH
"May 31, 2025",1442,HABIT
"May 30, 2025",1441,IDIOM
"May 29, 2025",1440,QUASH
"May 28, 2025",1439,POLAR
"May 27, 2025",1438,SPORT
"May 26, 2025",1437,DRONE
"May 25, 2025",1436,GRIFT
"May 24, 2025",1435,SUEDE
"May 23, 2025",1434,SHUCK
"May 22, 2025",1433,FOLIO
"May 21, 2025",1432,ALARM
"May 20, 2025",1431,BORNE
"May 19, 2025",1430,PITCH
"May 18, 2025",1429,LIVID
"May 17, 2025",1428,GROWN
"May 16, 2025",1427,FIFTH
"May 15, 2025",1426,EAGER
"May 14, 2025",1425,BONGO
"May 13, 2025",1424,AWARE
"May 12, 2025",1423,BICEP
"May 11, 2025",1422,DOWEL
"May 10, 2025",1421,YEAST
"May 09, 2025",1420,TRIPE
"May 08, 2025",1419,BALMY
"May 07, 2025",1418,MACHO
"May 06, 2025",1417,SUITE
"May 05, 2025",1416,SHUSH
"May 04, 2025",1415,TROUT
"May 03, 2025",1414,PATSY
"May 02, 2025",1413,WHOSE
"May 01, 2025",1412,ADEPT
"April 30, 2025",1411,IDLER
"April 29, 2025",1410,BLISS
"April 28, 2025",1409,DUMMY
"April 27, 2025",1408,WEEDY
"April 26, 2025",1407,CLASH
"April 25, 2025",1406,KNOWN
"April 24, 2025",1405,GENIE
"April 23, 2025",1404,OZONE
"April 22, 2025",1403,ARTSY
"April 21, 2025",1402,SPATE
"April 20, 2025",1401,PATCH
"April 19, 2025",1400,INBOX
"April 18, 2025",1399,DIRGE
"April 17, 2025",1398,STOOD
"April 16, 2025",1397,MORAL
"April 15, 2025",1396,ASHEN
"April 14, 2025",1395,CREST
"April 13, 2025",1394,LAUGH
"April 12, 2025",1393,NURSE
"April 11, 2025",1392,ARROW
"April 10, 2025",1391,TURBO
"April 09, 2025",1390,WHEAT
"April 08, 2025",1389,SPARE
"April 07, 2025",1388,HAZEL
"April 06, 2025",1387,VILLA
"April 05, 2025",1386,FOAMY
"April 04, 2025",1385,KRILL
"April 03, 2025",1384,SHEAR
"April 02, 2025",1383,CURSE
"April 01, 2025",1382,JEWEL
"March 31, 2025",1381,BOOTY
"March 30, 2025",1380,QUOTA
"March 29, 2025",1379,SORRY
"March 28, 2025",1378,VERSE
"March 27, 2025",1377,SHEET
"March 26, 2025",1376,ELBOW
"March 25, 2025",1375,SHELF
"March 24, 2025",1374,ANGLE
"March 23, 2025",1373,DOPEY
"March 22, 2025",1372,AMBLE
"March 21, 2025",1371,NUDGE
"March 20, 2025",1370,BASTE
"March 19, 2025",1369,SPARK
"March 18, 2025",1368,TIMER
"March 17, 2025",1367,LASSO
"March 16, 2025",1366,STAMP
"March 15, 2025",1365,LADLE
"March 14, 2025",1364,PIECE
"March 13, 2025",1363,CHASE
"March 12, 2025",1362,MANGO
"March 11, 2025",1361,TRACK
"March 10, 2025",1360,SPITE
"March 09, 2025",1359,GREED
"March 08, 2025",1358,NAVEL
"March 07, 2025",1357,TROOP
"March 06, 2025",1356,ALERT
"March 05, 2025",1355,SCRUM
"March 04, 2025",1354,CHECK
"March 03, 2025",1353,SPEAR
"March 02, 2025",1352,DEITY
"March 01, 2025",1351,HOVER
"February 28, 2025",1350,FUZZY
"February 27, 2025",1349,LODGE
"February 26, 2025",1348,AWARD
"February 25, 2025",1347,DRYER
"February 24, 2025",1346,GLAND
"February 23, 2025",1345,OTTER
"February 22, 2025",1344,CREAM
"February 21, 2025",1343,CLOVE
"February 20, 2025",1342,ROACH
"February 19, 2025",1341,MADLY
"February 18, 2025",1340,INDIE
"February 17, 2025",1339,TRAIL
"February 16, 2025",1338,SUAVE
"February 15, 2025",1337,CROOK
"February 14, 2025",1336,DITTY
"February 13, 2025",1335,RUMBA
"February 12, 2025",1334,RAPID
"February 11, 2025",1333,SCORE
"February 10, 2025",1332,GOODY
"February 09, 2025",1331,BONUS
"February 08, 2025",1330,STEEP
"February 07, 2025",1329,SWATH
"February 06, 2025",1328,PUPIL
"February 05, 2025",1327,PEDAL
"February 04, 2025",1326,TOOTH
"February 03, 2025",1325,REVUE
"February 02, 2025",1324,CHORE
"February 01, 2025",1323,RIVET
"January 31, 2025",1322,TOAST
"January 30, 2025",1321,FALSE
"January 29, 2025",1320,UDDER
"January 28, 2025",1319,FEVER
"January 27, 2025",1318,SHUNT
"January 26, 2025",1317,SUNNY
"January 25, 2025",1316,CRISP
"January 24, 2025",1315,CREPE
"January 23, 2025",1314,UPPER
"January 22, 2025",1313,REACH
"January 21, 2025",1312,ICING
"January 20, 2025",1311,SQUID
"January 19, 2025",1310,ROWER
"January 18, 2025",1309,SILLY
"January 17, 2025",1308,PROSE
"January 16, 2025",1307,FLINT
"January 15, 2025",1306,KNACK
"January 14, 2025",1305,FANCY
"January 13, 2025",1304,CLOAK
"January 12, 2025",1303,TOTAL
"January 11, 2025",1302,DINGY
"January 10, 2025",1301,CRAWL
"January 09, 2025",1300,WAFER
"January 08, 2025",1299,DRAFT
"January 07, 2025",1298,ATLAS
"January 06, 2025",1297,SPRIG
"January 05, 2025",1296,CYBER
"January 04, 2025",1295,RELAX
"January 03, 2025",1294,CHEAP
"January 02, 2025",1293,CHOSE
"January 01, 2025",1292,NERVE
"December 31, 2024",1291,LEMUR
"December 30, 2024",1290,STARE
"December 29, 2024",1289,MAMBO
"December 28, 2024",1288,DECRY
"December 27, 2024",1287,GRAIN
"December 26, 2024",1286,AFFIX
"December 25, 2024",1285,SHARE
"December 24, 2024",1284,EAGLE
"December 23, 2024",1283,SAUNA
"December 22, 2024",1282,BRAWN
"December 21, 2024",1281,BLADE
"December 20, 2024",1280,FLASH
"December 19, 2024",1279,STRAY
"December 18, 2024",1278,HEFTY
"December 17, 2024",1277,SCOWL
"December 16, 2024",1276,BOAST
"December 15, 2024",1275,FUNKY
"December 14, 2024",1274,DROOL
"December 13, 2024",1273,BOXER
"December 12, 2024",1272,VYING
"December 11, 2024",1271,PLUMB
"December 10, 2024",1270,PATIO
"December 09, 2024",1269,FLUNG
"December 08, 2024",1268,HYENA
"December 07, 2024",1267,HILLY
"December 06, 2024",1266,SHOVE
"December 05, 2024",1265,ENDOW
"December 04, 2024",1264,CRYPT
"December 03, 2024",1263,SHAKY
"December 02, 2024",1262,GUILE
"December 01, 2024",1261,MAUVE
"November 30, 2024",1260,DOGMA
"November 29, 2024",1259,HIPPO
"November 28, 2024",1258,CHOCK
"November 27, 2024",1257,SLANG
"November 26, 2024",1256,WITCH
"November 25, 2024",1255,BROWN
"November 24, 2024",1254,TWIST
"November 23, 2024",1253,JELLY
"November 22, 2024",1252,PEARL
"November 21, 2024",1251,SPINE
"November 20, 2024",1250,NICHE
"November 19, 2024",1249,GOING
"November 18, 2024",1248,FRAIL
"November 17, 2024",1247,TALLY
"November 16, 2024",1246,VISOR
"November 15, 2024",1245,TACKY
"November 14, 2024",1244,UVULA
"November 13, 2024",1243,PRIMP
"November 12, 2024",1242,FLOWN
"November 11, 2024",1241,STOIC
"November 10, 2024",1240,INNER
"November 09, 2024",1239,SWELL
"November 08, 2024",1238,READY
"November 07, 2024",1237,EVENT
"November 06, 2024",1236,TRULY
"November 05, 2024",1235,OCTET
"November 04, 2024",1234,VINYL
"November 03, 2024",1233,BLAZE
"November 02, 2024",1232,SNOOP
"November 01, 2024",1231,SIXTH
"October 31, 2024",1230,WEIRD
"October 30, 2024",1229,EASEL
"October 29, 2024",1228,TUNIC
"October 28, 2024",1227,BAWDY
"October 27, 2024",1226,SANDY
"October 26, 2024",1225,WREAK
"October 25, 2024",1224,FROWN
"October 24, 2024",1223,BOSSY
"October 23, 2024",1222,GOOFY
"October 22, 2024",1221,SHOUT
"October 21, 2024",1220,SPOON
"October 20, 2024",1219,DICEY
"October 19, 2024",1218,FIBER
"October 18, 2024",1217,STINT
"October 17, 2024",1216,HALVE
"October 16, 2024",1215,GRANT
"October 15, 2024",1214,CORER
"October 14, 2024",1213,GAMUT
"October 13, 2024",1212,PRONE
"October 12, 2024",1211,STAIN
"October 11, 2024",1210,GUSTY
"October 10, 2024",1209,CARVE
"October 09, 2024",1208,MOMMY
"October 08, 2024",1207,JOINT
"October 07, 2024",1206,FLOUR
"October 06, 2024",1205,LAGER
"October 05, 2024",1204,MINER
"October 04, 2024",1203,TITLE
"October 03, 2024",1202,WAGON
"October 02, 2024",1201,SHELL
"October 01, 2024",1200,MODEM
"September 30, 2024",1199,CLOUD
"September 29, 2024",1198,RIDER
"September 28, 2024",1197,BRAIN
"September 27, 2024",1196,FAITH
"September 26, 2024",1195,THANK
"September 25, 2024",1194,TORCH
"September 24, 2024",1193,HANDY
"September 23, 2024",1192,STEAM
"September 22, 2024",1191,TEACH
"September 21, 2024",1190,SEVEN
"September 20, 2024",1189,SMOKE
"September 19, 2024",1188,PRESS
"September 18, 2024",1187,FULLY
"September 17, 2024",1186,BEAUT
"September 16, 2024",1185,HONEY
"September 15, 2024",1184,RECUR
"September 14, 2024",1183,BROAD
"September 13, 2024",1182,HARSH
"September 12, 2024",1181,BRASS
"September 11, 2024",1180,AISLE
"September 10, 2024",1179,REBEL
"September 09, 2024",1178,DEBIT
"September 08, 2024",1177,DRAWN
"September 07, 2024",1176,OWNER
"September 06, 2024",1175,RERUN
"September 05, 2024",1174,WIDEN
"September 04, 2024",1173,STERN
"September 03, 2024",1172,FAINT
"September 02, 2024",1171,CAMEL
"September 01, 2024",1170,MUSHY
"August 31, 2024",1169,SPOUT
"August 30, 2024",1168,KNAVE
"August 29, 2024",1167,FLUNK
"August 28, 2024",1166,LITHE
"August 27, 2024",1165,CROWN
"August 26, 2024",1164,STAKE
"August 25, 2024",1163,SKATE
"August 24, 2024",1162,FILET
"August 23, 2024",1161,LEECH
"August 22, 2024",1160,BRUTE
"August 21, 2024",1159,MULCH
"August 20, 2024",1158,DELAY
"August 19, 2024",1157,METER
"August 18, 2024",1156,LANKY
"August 17, 2024",1155,STORM
"August 16, 2024",1154,BRACE
"August 15, 2024",1153,ACORN
"August 14, 2024",1152,SHORE
"August 13, 2024",1151,NEIGH
"August 12, 2024",1150,SKIFF
"August 11, 2024",1149,SCONE
"August 10, 2024",1148,MEDIC
"August 09, 2024",1147,OUNCE
"August 08, 2024",1146,SAUCY
"August 07, 2024",1145,MACAW
"August 06, 2024",1144,ANVIL
"August 05, 2024",1143,ENSUE
"August 04, 2024",1142,LOWER
"August 03, 2024",1141,SCALE
"August 02, 2024",1140,FLAKE
"August 01, 2024",1139,CHALK
"July 31, 2024",1138,PENNE
"July 30, 2024",1137,FERAL
"July 29, 2024",1136,SUPER
"July 28, 2024",1135,SMOCK
"July 27, 2024",1134,JUICE
"July 26, 2024",1133,AWASH
"July 25, 2024",1132,PORCH
"July 24, 2024",1131,FORTE
"July 23, 2024",1130,PRONG
"July 22, 2024",1129,CADET
"July 21, 2024",1128,SPECK
"July 20, 2024",1127,SHAFT
"July 19, 2024",1126,REFER
"July 18, 2024",1125,NERDY
"July 17, 2024",1124,QUITE
"July 16, 2024",1123,DECOY
"July 15, 2024",1122,SWOON
"July 14, 2024",1121,VIDEO
"July 13, 2024",1120,ENACT
"July 12, 2024",1119,JIFFY
"July 11, 2024",1118,CAMEO
"July 10, 2024",1117,GAUNT
"July 09, 2024",1116,BLARE
"July 08, 2024",1115,SHAPE
"July 07, 2024",1114,CANON
"July 06, 2024",1113,SCOFF
"July 05, 2024",1112,CRUSH
"July 04, 2024",1111,DEBUT
"July 03, 2024",1110,THIGH
"July 02, 2024",1109,INLAY
"July 01, 2024",1108,ADAGE
"June 30, 2024",1107,BUDDY
"June 29, 2024",1106,ZEBRA
"June 28, 2024",1105,DROVE
"June 27, 2024",1104,ORDER
"June 26, 2024",1103,KNEAD
"June 25, 2024",1102,SAVOR
"June 24, 2024",1101,DOLLY
"June 23, 2024",1100,BUGLE
"June 22, 2024",1099,EDICT
"June 21, 2024",1098,PAINT
"June 20, 2024",1097,SCENT
"June 19, 2024",1096,TERSE
"June 18, 2024",1095,COVER
"June 17, 2024",1094,PRIOR
"June 16, 2024",1093,GRIND
"June 15, 2024",1092,PROUD
"June 14, 2024",1091,VAULT
"June 13, 2024",1090,ANGST
"June 12, 2024",1089,DETER
"June 11, 2024",1088,SWUNG
"June 10, 2024",1087,MANGA
"June 09, 2024",1086,CROWD
"June 08, 2024",1085,HENCE
"June 07, 2024",1084,MELON
"June 06, 2024",1083,ETHER
"June 05, 2024",1082,ORGAN
"June 04, 2024",1081,GROOM
"June 03, 2024",1080,STARK
"June 02, 2024",1079,BRAVO
"June 01, 2024",1078,BASIN
"May 31, 2024",1077,CHAOS
"May 30, 2024",1076,GUMMY
"May 29, 2024",1075,PAPAL
"May 28, 2024",1074,MINUS
"May 27, 2024",1073,SKIER
"May 26, 2024",1072,BEVEL
"May 25, 2024",1071,TITAN
"May 24, 2024",1070,GLIDE
"May 23, 2024",1069,SWISH
"May 22, 2024",1068,EXALT
"May 21, 2024",1067,DINGO
"May 20, 2024",1066,NICER
"May 19, 2024",1065,HITCH
"May 18, 2024",1064,BRINY
"May 17, 2024",1063,TUTOR
"May 16, 2024",1062,STALL
"May 15, 2024",1061,PINCH
"May 14, 2024",1060,AMASS
"May 13, 2024",1059,CUMIN
"May 12, 2024",1058,OUTER
"May 11, 2024",1057,TIDAL
"May 10, 2024",1056,MEDIA
"May 09, 2024",1055,JERKY
"May 08, 2024",1054,PIOUS
"May 07, 2024",1053,MUSTY
"May 06, 2024",1052,SHAVE
"May 05, 2024",1051,DECAL
"May 04, 2024",1050,VALUE
"May 03, 2024",1049,EBONY
"May 02, 2024",1048,SLICE
"May 01, 2024",1047,DIARY
"April 30, 2024",1046,PROWL
"April 29, 2024",1045,CRAFT
"April 28, 2024",1044,PRUNE
"April 27, 2024",1043,GLEAM
"April 26, 2024",1042,VAPID
"April 25, 2024",1041,INTRO
"April 24, 2024",1040,OVERT
"April 23, 2024",1039,ROVER
"April 22, 2024",1038,LASER
"April 21, 2024",1037,JOLLY
"April 20, 2024",1036,LUCID
"April 19, 2024",1035,RAISE
"April 18, 2024",1034,FACET
"April 17, 2024",1033,TITHE
"April 16, 2024",1032,SHANK
"April 15, 2024",1031,EQUIP
"April 14, 2024",1030,BLIMP
"April 13, 2024",1029,STEEL
"April 12, 2024",1028,WHINY
"April 11, 2024",1027,LOUSE
"April 10, 2024",1026,BROTH
"April 09, 2024",1025,MERGE
"April 08, 2024",1024,BREED
"April 07, 2024",1023,VOILA
"April 06, 2024",1022,FINCH
"April 05, 2024",1021,WRIST
"April 04, 2024",1020,CLIMB
"April 03, 2024",1019,PLAIT
"April 02, 2024",1018,SERUM
"April 01, 2024",1017,FROND
"March 31, 2024",1016,TABOO
"March 30, 2024",1015,FORCE
"March 29, 2024",1014,REALM
"March 28, 2024",1013,SPEAK
"March 27, 2024",1012,STUNG
"March 26, 2024",1011,MAYOR
"March 25, 2024",1010,SALLY
"March 24, 2024",1009,TOWEL
"March 23, 2024",1008,RISEN
"March 22, 2024",1007,DECAY
"March 21, 2024",1006,SHADE
"March 20, 2024",1005,LINGO
"March 19, 2024",1004,ABIDE
"March 18, 2024",1003,SPELT
"March 17, 2024",1002,SNORT
"March 16, 2024",1001,TOXIN
"March 15, 2024",1000,ERUPT
"March 14, 2024",999,SINCE
"March 13, 2024",998,LOCAL
"March 12, 2024",997,HEAVE
"March 11, 2024",996,PESKY
"March 10, 2024",995,GRASP
"March 09, 2024",994,CHEER
"March 08, 2024",993,EARLY
"March 07, 2024",992,CLONE
"March 06, 2024",991,TEARY
"March 05, 2024",990,HUNCH
"March 04, 2024",989,FLAME
"March 03, 2024",988,STATE
"March 02, 2024",987,URBAN
"March 01, 2024",986,FORTY
"February 29, 2024",985,IMAGE
"February 28, 2024",984,DEVIL
"February 27, 2024",983,SENSE
"February 26, 2024",982,OFTEN
"February 25, 2024",981,SMITH
"February 24, 2024",980,PIPER
"February 23, 2024",979,APART
"February 22, 2024",978,HEAVY
"February 21, 2024",977,BUILD
"February 20, 2024",976,MATCH
"February 19, 2024",975,PRICE
"February 18, 2024",974,RIDGE
"February 17, 2024",973,PSALM
"February 16, 2024",972,STASH
"February 15, 2024",971,ASCOT
"February 14, 2024",970,TALON
"February 13, 2024",969,SCRAM
"February 12, 2024",968,PASTA
"February 11, 2024",967,NEVER
"February 10, 2024",966,FRIED
"February 09, 2024",965,STIFF
"February 08, 2024",964,PLACE
"February 07, 2024",963,AFTER
"February 06, 2024",962,WHICH
"February 05, 2024",961,REPEL
"February 04, 2024",960,VERGE
"February 03, 2024",959,MICRO
"February 02, 2024",958,CLEFT
"February 01, 2024",957,ALIVE
"January 31, 2024",956,BULKY
"January 30, 2024",955,EXPEL
"January 29, 2024",954,LEGGY
"January 28, 2024",953,EMBER
"January 27, 2024",952,SNAKE
"January 26, 2024",951,ALOOF
"January 25, 2024",950,BLOCK
"January 24, 2024",949,RELIC
"January 23, 2024",948,STILL
"January 22, 2024",947,TWEAK
"January 21, 2024",946,NORTH
"January 20, 2024",945,LARGE
"January 19, 2024",944,THING
"January 18, 2024",943,STOLE
"January 17, 2024",942,COURT
"January 16, 2024",941,BLOND
"January 15, 2024",940,LUNCH
"January 14, 2024",939,DOING
"January 13, 2024",938,HEARD
"January 12, 2024",937,ROUTE
"January 11, 2024",936,BRIEF
"January 10, 2024",935,THREW
"January 09, 2024",934,LINER
"January 08, 2024",933,FINAL
"January 07, 2024",932,STONY
"January 06, 2024",931,CABLE
"January 05, 2024",930,LUNGE
"January 04, 2024",929,SCANT
"January 03, 2024",928,TWIRL
"January 02, 2024",927,AGING
"January 01, 2024",926,MURAL
"December 31, 2023",925,SALTY
"December 30, 2023",924,THREE
"December 29, 2023",923,CHILD
"December 28, 2023",922,LEARN
"December 27, 2023",921,DAISY
"December 26, 2023",920,PHONE
"December 25, 2023",919,EVOKE
"December 24, 2023",918,GRACE
"December 23, 2023",917,SLOPE
"December 22, 2023",916,TOUCH
"December 21, 2023",915,BUILT
"December 20, 2023",914,SMALL
"December 19, 2023",913,TABLE
"December 18, 2023",912,FUNNY
"December 17, 2023",911,BACON
"December 16, 2023",910,GLOBE
"December 15, 2023",909,TOPIC
"December 14, 2023",908,WOULD
"December 13, 2023",907,SPENT
"December 12, 2023",906,THESE
"December 11, 2023",905,HOUSE
"December 10, 2023",904,CHAIN
"December 09, 2023",903,SHIFT
"December 08, 2023",902,SHARP
"December 07, 2023",901,SLEEP
"December 06, 2023",900,WOMAN
"December 05, 2023",899,YOUNG
"December 04, 2023",898,WORST
"December 03, 2023",897,ADAPT
"December 02, 2023",896,GENRE
"December 01, 2023",895,TAKEN
"November 30, 2023",894,RESIN
"November 29, 2023",893,SUSHI
"November 28, 2023",892,SCOPE
"November 27, 2023",891,TAWNY
"November 26, 2023",890,SOLID
"November 25, 2023",889,GUIDE
"November 24, 2023",888,THROW
"November 23, 2023",887,QUEEN
"November 22, 2023",886,PIXEL
"November 21, 2023",885,PIANO
"November 20, 2023",884,CANDY
"November 19, 2023",883,QUEUE
"November 18, 2023",882,THINK
"November 17, 2023",881,TARDY
"November 16, 2023",880,TRUST
"November 15, 2023",879,SIGHT
"November 14, 2023",878,SASSY
"November 13, 2023",877,GREEN
"November 12, 2023",876,MEANT
"November 11, 2023",875,ACTOR
"November 10, 2023",874,LEASH
"November 09, 2023",873,GLAZE
"November 08, 2023",872,NINJA
"November 07, 2023",871,LIMIT
"November 06, 2023",870,TRADE
"November 05, 2023",869,FLARE
"November 04, 2023",868,MANIA
"November 03, 2023",867,ARDOR
"November 02, 2023",866,UNTIL
"November 01, 2023",865,NOISE
"October 31, 2023",864,BLEAK
"October 30, 2023",863,GRAIL
"October 29, 2023",862,PHONY
"October 28, 2023",861,MASON
"October 27, 2023",860,NOBLE
"October 26, 2023",859,PIQUE
"October 25, 2023",858,RETRY
"October 24, 2023",857,CAUSE
"October 23, 2023",856,TEMPO
"October 22, 2023",855,GIVEN
"October 21, 2023",854,SMIRK
"October 20, 2023",853,OCCUR
"October 19, 2023",852,SPLAT
"October 18, 2023",851,MERCY
"October 17, 2023",850,ADULT
"October 16, 2023",849,GRAPH
"October 15, 2023",848,LEAKY
"October 14, 2023",847,AGENT
"October 13, 2023",846,UNCLE
"October 12, 2023",845,KNELT
"October 11, 2023",844,SKUNK
"October 10, 2023",843,SNAIL
"October 09, 2023",842,TRUTH
"October 08, 2023",841,BINGE
"October 07, 2023",840,VIOLA
"October 06, 2023",839,CHIME
"October 05, 2023",838,BUNCH
"October 04, 2023",837,SPURT
"October 03, 2023",836,WHILE
"October 02, 2023",835,MERRY
"October 01, 2023",834,BERET
"September 30, 2023",833,DADDY
"September 29, 2023",832,AZURE
"September 28, 2023",831,COACH
"September 27, 2023",830,SMILE
"September 26, 2023",829,LOYAL
"September 25, 2023",828,ROCKY
"September 24, 2023",827,RIGHT
"September 23, 2023",826,CAROL
"September 22, 2023",825,BRUSH
"September 21, 2023",824,STONE
"September 20, 2023",823,SNARE
"September 19, 2023",822,CLOSE
"September 18, 2023",821,FRANK
"September 17, 2023",820,MUSIC
"September 16, 2023",819,ANGEL
"September 15, 2023",818,EXERT
"September 14, 2023",817,RAYON
"September 13, 2023",816,CLEAR
"September 12, 2023",815,WHISK
"September 11, 2023",814,OLDER
"September 10, 2023",813,QUOTE
"September 09, 2023",812,LUCKY
"September 08, 2023",811,ROUSE
"September 07, 2023",810,DWELL
"September 06, 2023",809,GNASH
"September 05, 2023",808,BIRCH
"September 04, 2023",807,GIDDY
"September 03, 2023",806,AWAIT
"September 02, 2023",805,ONION
"September 01, 2023",804,SPACE
"August 31, 2023",803,BRIDE
"August 30, 2023",802,AUDIO
"August 29, 2023",801,CAPER
"August 28, 2023",800,WRITE
"August 27, 2023",799,PEACE
"August 26, 2023",798,CHOIR
"August 25, 2023",797,OCEAN
"August 24, 2023",796,WORDY
"August 23, 2023",795,VERVE
"August 22, 2023",794,SPICE
"August 21, 2023",793,BEACH
"August 20, 2023",792,QUEST
"August 19, 2023",791,MAGMA
"August 18, 2023",790,EXACT
"August 17, 2023",789,AMISS
"August 16, 2023",788,SCRUB
"August 15, 2023",787,INDEX
"August 14, 2023",786,SNAKY
"August 13, 2023",785,WRATH
"August 12, 2023",784,QUICK
"August 11, 2023",783,HELLO
"August 10, 2023",782,EMPTY
"August 09, 2023",781,LOVER
"August 08, 2023",780,BULLY
"August 07, 2023",779,BROOK
"August 06, 2023",778,POLYP
"August 05, 2023",777,ANODE
"August 04, 2023",776,CHART
"August 03, 2023",775,PARTY
"August 02, 2023",774,BEGET
"August 01, 2023",773,TENTH
"July 31, 2023",772,STYLE
"July 30, 2023",771,BATHE
"July 29, 2023",770,CURLY
"July 28, 2023",769,ETHOS
"July 27, 2023",768,DISCO
"July 26, 2023",767,HEART
"July 25, 2023",766,WHEEL
"July 24, 2023",765,HOBBY
"July 23, 2023",764,WHALE
"July 22, 2023",763,FROZE
"July 21, 2023",762,BURLY
"July 20, 2023",761,FLANK
"July 19, 2023",760,TONIC
"July 18, 2023",759,FLYER
"July 17, 2023",758,DROOP
"July 16, 2023",757,TOPAZ
"July 15, 2023",756,CRONE
"July 14, 2023",755,FIEND
"July 13, 2023",754,BARGE
"July 12, 2023",753,WHIRL
"July 11, 2023",752,EARTH
"July 10, 2023",751,FOLLY
"July 09, 2023",750,ENTER
"July 08, 2023",749,COWER
"July 07, 2023",748,DONUT
"July 06, 2023",747,WINDY
"July 05, 2023",746,VENOM
"July 04, 2023",745,IRATE
"July 03, 2023",744,HOTEL
"July 02, 2023",743,MOSSY
"July 01, 2023",742,BLEEP
"June 30, 2023",741,STRAW
"June 29, 2023",740,DINER
"June 28, 2023",739,TRACT
"June 27, 2023",738,ABOUT
"June 26, 2023",737,GUEST
"June 25, 2023",736,RODEO
"June 24, 2023",735,GRAND
"June 23, 2023",734,COVET
"June 22, 2023",733,TASTE
"June 21, 2023",732,CRANE
"June 20, 2023",731,FROST
"June 19, 2023",730,KAZOO
"June 18, 2023",729,SHYLY
"June 17, 2023",728,RANCH
"June 16, 2023",727,STRAP
"June 15, 2023",726,MAYBE
"June 14, 2023",725,CRIME
"June 13, 2023",724,PLUNK
"June 12, 2023",723,WRONG
"June 11, 2023",722,GUARD
"June 10, 2023",721,AGAIN
"June 09, 2023",720,BALSA
"June 08, 2023",719,CRUMB
"June 07, 2023",718,HATER
"June 06, 2023",717,SCOUT
"June 05, 2023",716,ENNUI
"June 04, 2023",715,BEAST
"June 03, 2023",714,NANNY
"June 02, 2023",713,HUMID
"June 01, 2023",712,JAZZY
"May 31, 2023",711,AGILE
"May 30, 2023",710,KNEEL
"May 29, 2023",709,MOUSE
"May 28, 2023",708,SKIMP
"May 27, 2023",707,RAMEN
"May 26, 2023",706,SWINE
"May 25, 2023",705,BAGEL
"May 24, 2023",704,UTTER
"May 23, 2023",703,CLERK
"May 22, 2023",702,IGLOO
"May 21, 2023",701,BRASH
"May 20, 2023",700,FLASK
"May 19, 2023",699,GRIEF
"May 18, 2023",698,SHORN
"May 17, 2023",697,PLANK
"May 16, 2023",696,LATTE
"May 15, 2023",695,CANOE
"May 14, 2023",694,SCARF
"May 13, 2023",693,ACRID
"May 12, 2023",692,SNACK
"May 11, 2023",691,BROOM
"May 10, 2023",690,ETHIC
"May 09, 2023",689,COCOA
"May 08, 2023",688,AGLOW
"May 07, 2023",687,GHOUL
"May 06, 2023",686,ANGER
"May 05, 2023",685,BELOW
"May 04, 2023",684,GUPPY
"May 03, 2023",683,HORDE
"May 02, 2023",682,SULKY
"May 01, 2023",681,RANGE
"April 30, 2023",680,PLAZA
"April 29, 2023",679,CEDAR
"April 28, 2023",678,CIRCA
"April 27, 2023",677,LOGIC
"April 26, 2023",676,METRO
"April 25, 2023",675,JOKER
"April 24, 2023",674,DITTO
"April 23, 2023",673,UNZIP
"April 22, 2023",672,BROKE
"April 21, 2023",671,KAYAK
"April 20, 2023",670,PLATE
"April 19, 2023",669,THUMP
"April 18, 2023",668,HOUND
"April 17, 2023",667,WHIFF
"April 16, 2023",666,DWELT
"April 15, 2023",665,AGONY
"April 14, 2023",664,THIEF
"April 13, 2023",663,CARAT
"April 12, 2023",662,BORAX
"April 11, 2023",661,QUALM
"April 10, 2023",660,UNDER
"April 09, 2023",659,SNAFU
"April 08, 2023",658,LEDGE
"April 07, 2023",657,LOCUS
"April 06, 2023",656,LEAFY
"April 05, 2023",655,SMASH
"April 04, 2023",654,RATIO
"April 03, 2023",653,FLORA
"April 02, 2023",652,STOCK
"April 01, 2023",651,MARCH
"March 31, 2023",650,EVERY
"March 30, 2023",649,BREAD
"March 29, 2023",648,BESET
"March 28, 2023",647,HURRY
"March 27, 2023",646,GUANO
"March 26, 2023",645,UNTIE
"March 25, 2023",644,VOTER
"March 24, 2023",643,GROUT
"March 23, 2023",642,STAID
"March 22, 2023",641,DUVET
"March 21, 2023",640,TOUGH
"March 20, 2023",639,GLOVE
"March 19, 2023",638,CREDO
"March 18, 2023",637,YACHT
"March 17, 2023",636,MEALY
"March 16, 2023",635,CIDER
"March 15, 2023",634,SWEEP
"March 14, 2023",633,SURLY
"March 13, 2023",632,BLAME
"March 12, 2023",631,BIRTH
"March 11, 2023",630,EMAIL
"March 10, 2023",629,REVEL
"March 09, 2023",628,WHERE
"March 08, 2023",627,REGAL
"March 07, 2023",626,HORSE
"March 06, 2023",625,PINKY
"March 05, 2023",624,TOXIC
"March 04, 2023",623,TREND
"March 03, 2023",622,SQUAT
"March 02, 2023",621,ABOVE
"March 01, 2023",620,MOOSE
"February 28, 2023",619,POLKA
"February 27, 2023",618,WORSE
"February 26, 2023",617,SYRUP
"February 25, 2023",616,FIFTY
"February 24, 2023",615,ARBOR
"February 23, 2023",614,VAGUE
"February 22, 2023",613,RIPER
"February 21, 2023",612,RUDDY
"February 20, 2023",611,SWEAT
"February 19, 2023",610,KIOSK
"February 18, 2023",609,AVAIL
"February 17, 2023",608,CACHE
"February 16, 2023",607,MAGIC
"February 15, 2023",606,SALSA
"February 14, 2023",605,SOUND
"February 13, 2023",604,USAGE
"February 12, 2023",603,GIANT
"February 11, 2023",602,DEBUG
"February 10, 2023",601,HEADY
"February 09, 2023",600,STAGE
"February 08, 2023",599,FLAIL
"February 07, 2023",598,APPLE
"February 06, 2023",597,NINTH
"February 05, 2023",596,DANCE
"February 04, 2023",595,UNLIT
"February 03, 2023",594,TASTY
"February 02, 2023",593,SHIRK
"February 01, 2023",592,SCOLD
"January 31, 2023",591,CROSS
"January 30, 2023",590,CRAVE
"January 29, 2023",589,FISHY
"January 28, 2023",588,FLIRT
"January 27, 2023",587,WORRY
"January 26, 2023",586,BEEFY
"January 25, 2023",585,MAIZE
"January 24, 2023",584,COUNT
"January 23, 2023",583,ELUDE
"January 22, 2023",582,MATEY
"January 21, 2023",581,BLURB
"January 20, 2023",580,ALTER
"January 19, 2023",579,MUCKY
"January 18, 2023",578,CHARD
"January 17, 2023",577,ADOPT
"January 16, 2023",576,FROCK
"January 15, 2023",575,SPIRE
"January 14, 2023",574,KOALA
"January 13, 2023",573,HUMAN
"January 12, 2023",572,LEAPT
"January 11, 2023",571,SEDAN
"January 10, 2023",570,GRIMY
"January 09, 2023",569,PIXIE
"January 08, 2023",568,OPERA
"January 07, 2023",567,LEMON
"January 06, 2023",566,BELIE
"January 05, 2023",565,SLEEK
"January 04, 2023",564,LAYER
"January 03, 2023",563,ANTIC
"January 02, 2023",562,SKIRT
"January 01, 2023",561,WHINE
"December 31, 2022",560,MANLY
"December 30, 2022",559,MOLAR
"December 29, 2022",558,HAVOC
"December 28, 2022",557,IMPEL
"December 27, 2022",556,CONDO
"December 26, 2022",555,JUDGE
"December 25, 2022",554,EXTRA
"December 24, 2022",553,POISE
"December 23, 2022",552,AORTA
"December 22, 2022",551,EXCEL
"December 21, 2022",550,LUNAR
"December 20, 2022",549,THIRD
"December 19, 2022",548,SLATE
"December 18, 2022",547,TAPER
"December 17, 2022",546,CHORD
"December 16, 2022",545,PROBE
"December 15, 2022",544,RIVAL
"December 14, 2022",543,USUAL
"December 13, 2022",542,SPOKE
"December 12, 2022",541,APPLY
"December 11, 2022",540,NAIVE
"December 10, 2022",539,KNOCK
"December 09, 2022",538,BRAID
"December 08, 2022",537,INFER
"December 07, 2022",536,JOUST
"December 06, 2022",535,AMBER
"December 05, 2022",534,WOKEN
"December 04, 2022",533,ADORE
"December 03, 2022",532,TORSO
"December 02, 2022",531,CHAFE
"December 01, 2022",530,EJECT
"November 30, 2022",529,STUDY
"November 29, 2022",528,UNDUE
"November 28, 2022",527,TEPID
"November 27, 2022",526,HAPPY
"November 26, 2022",525,CLEAN
"November 25, 2022",524,ITCHY
"November 24, 2022",523,FEAST
"November 23, 2022",522,DRIVE
"November 22, 2022",521,PRIME
"November 21, 2022",520,AXIOM
"November 20, 2022",519,BRAVE
"November 19, 2022",518,AVERT
"November 18, 2022",517,GLYPH
"November 17, 2022",516,THERE
"November 16, 2022",515,BAKER
"November 15, 2022",514,SNARL
"November 14, 2022",513,MAPLE
"November 13, 2022",512,INANE
"November 12, 2022",511,VALET
"November 11, 2022",510,MEDAL
"November 10, 2022",509,UNITE
"November 09, 2022",508,RAINY
"November 08, 2022",507,SPELL
"November 07, 2022",506,BEGIN
"November 06, 2022",505,STALE
"November 05, 2022",504,DREAM
"November 04, 2022",503,PHOTO
"November 03, 2022",502,ALOUD
"November 02, 2022",501,INEPT
"November 01, 2022",500,PINEY
"October 31, 2022",499,APTLY
"October 30, 2022",498,WALTZ
"October 29, 2022",497,LIBEL
"October 28, 2022",496,SNEAK
"October 27, 2022",495,CARRY
"October 26, 2022",494,FLOUT
"October 25, 2022",493,FOGGY
"October 24, 2022",492,FAULT
"October 23, 2022",491,MUMMY
"October 22, 2022",490,SPIEL
"October 21, 2022",489,GROVE
"October 20, 2022",488,DENIM
"October 19, 2022",487,QUIRK
"October 18, 2022",486,EXIST
"October 17, 2022",485,STEIN
"October 16, 2022",484,SPADE
"October 15, 2022",483,CATCH
"October 14, 2022",482,FLOOR
"October 13, 2022",481,EQUAL
"October 12, 2022",480,IONIC
"October 11, 2022",479,VALID
"October 10, 2022",478,ENJOY
"October 09, 2022",477,HOWDY
"October 08, 2022",476,VIGOR
"October 07, 2022",475,DANDY
"October 06, 2022",474,SLOTH
"October 05, 2022",473,MARSH
"October 04, 2022",472,BOUGH
"October 03, 2022",471,STING
"October 02, 2022",470,TWINE
"October 01, 2022",469,LEAVE
"September 30, 2022",468,SCORN
"September 29, 2022",467,SCALD
"September 28, 2022",466,USURP
"September 27, 2022",465,SOGGY
"September 26, 2022",464,BRISK
"September 25, 2022",463,ADMIT
"September 24, 2022",462,GRATE
"September 23, 2022",461,GLORY
"September 22, 2022",460,SAINT
"September 21, 2022",459,RECAP
"September 20, 2022",458,ALIKE
"September 19, 2022",457,TRICE
"September 18, 2022",456,STICK
"September 17, 2022",455,CHUTE
"September 16, 2022",454,PARER
"September 15, 2022",453,DOUBT
"September 14, 2022",452,THYME
"September 13, 2022",451,ALPHA
"September 12, 2022",450,BOOZE
"September 11, 2022",449,TIBIA
"September 10, 2022",448,LOFTY
"September 09, 2022",447,THEME
"September 08, 2022",446,CLASS
"September 07, 2022",445,LEERY
"September 06, 2022",444,TAUNT
"September 05, 2022",443,WHOOP
"September 04, 2022",442,INTER
"September 03, 2022",441,GULLY
"September 02, 2022",440,CHARM
"September 01, 2022",439,FUNGI
"August 31, 2022",438,PRIZE
"August 30, 2022",437,ONSET
"August 29, 2022",436,CHIEF
"August 28, 2022",435,GAUZE
"August 27, 2022",434,RUDER
"August 26, 2022",433,IRONY
"August 25, 2022",432,CLOWN
"August 24, 2022",431,NEEDY
"August 23, 2022",430,WOVEN
"August 22, 2022",429,MERIT
"August 21, 2022",428,WASTE
"August 20, 2022",427,TREAT
"August 19, 2022",426,SHRUG
"August 18, 2022",425,TWANG
"August 17, 2022",424,TWICE
"August 16, 2022",423,GRUEL
"August 15, 2022",422,POKER
"August 14, 2022",421,KHAKI
"August 13, 2022",420,HUNKY
"August 12, 2022",419,LABEL
"August 11, 2022",418,GLEAN
"August 10, 2022",417,CLING
"August 09, 2022",416,PATTY
"August 08, 2022",415,UNFIT
"August 07, 2022",414,SMEAR
"August 06, 2022",413,ALIEN
"August 05, 2022",412,BUGGY
"August 04, 2022",411,RHYME
"August 03, 2022",410,YOUTH
"August 02, 2022",409,COYLY
"August 01, 2022",408,QUART
"July 31, 2022",407,CRAMP
"July 30, 2022",406,BLUFF
"July 29, 2022",405,UPSET
"July 28, 2022",404,STOMP
"July 27, 2022",403,MOTTO
"July 26, 2022",402,CINCH
"July 25, 2022",401,ELOPE
"July 24, 2022",400,POWER
"July 23, 2022",399,MIDGE
"July 22, 2022",398,TRYST
"July 21, 2022",397,APHID
"July 20, 2022",396,TRITE
"July 19, 2022",395,ANGRY
"July 18, 2022",394,FLOCK
"July 17, 2022",393,WACKY
"July 16, 2022",392,ROOMY
"July 15, 2022",391,WEDGE
"July 14, 2022",390,LIVER
"July 13, 2022",389,BLAND
"July 12, 2022",388,NIGHT
"July 11, 2022",387,MADAM
"July 10, 2022",386,BERTH
"July 09, 2022",385,STEAD
"July 08, 2022",384,VOICE
"July 07, 2022",383,AGAPE
"July 06, 2022",382,FLUFF
"July 05, 2022",381,FIELD
"July 04, 2022",380,SEVER
"July 03, 2022",379,LILAC
"July 02, 2022",378,EGRET
"July 01, 2022",377,PINTO
"June 30, 2022",376,HUTCH
"June 29, 2022",375,GAWKY
"June 28, 2022",374,DROLL
"June 27, 2022",373,RETRO
"June 26, 2022",372,RUSTY
"June 25, 2022",371,BEADY
"June 24, 2022",370,SMITE
"June 23, 2022",369,BRINK
"June 22, 2022",368,AWFUL
"June 21, 2022",367,GLOAT
"June 20, 2022",366,INPUT
"June 19, 2022",365,LOSER
"June 18, 2022",364,CACAO
"June 17, 2022",363,BLOWN
"June 16, 2022",362,APRON
"June 15, 2022",361,PRIMO
"June 14, 2022",360,ATONE
"June 13, 2022",359,DONOR
"June 12, 2022",358,FLOAT
"June 11, 2022",357,GOOSE
"June 10, 2022",356,PIETY
"June 09, 2022",355,GIRTH
"June 08, 2022",354,TRAIT
"June 07, 2022",353,FLOOD
"June 06, 2022",352,GLOOM
"June 05, 2022",351,DEPTH
"June 04, 2022",350,FROTH
"June 03, 2022",349,PHASE
"June 02, 2022",348,SHOWY
"June 01, 2022",347,CREAK
"May 31, 2022",346,MANOR
"May 30, 2022",345,ATOLL
"May 29, 2022",344,BAYOU
"May 28, 2022",343,CREPT
"May 27, 2022",342,TIARA
"May 26, 2022",341,ASSET
"May 25, 2022",340,VOUCH
"May 24, 2022",339,ALBUM
"May 23, 2022",338,HINGE
"May 22, 2022",337,MONEY
"May 21, 2022",336,SCRAP
"May 20, 2022",335,GAMER
"May 19, 2022",334,GLASS
"May 18, 2022",333,SCOUR
"May 17, 2022",332,BEING
"May 16, 2022",331,DELVE
"May 15, 2022",330,YIELD
"May 14, 2022",329,METAL
"May 13, 2022",328,TIPSY
"May 12, 2022",327,SLUNG
"May 11, 2022",326,FARCE
"May 10, 2022",325,GECKO
"May 09, 2022",324,SHINE
"May 08, 2022",323,CANNY
"May 07, 2022",322,MIDST
"May 06, 2022",321,BADGE
"May 05, 2022",320,HOMER
"May 04, 2022",319,TRAIN
"May 03, 2022",318,HAIRY
"May 02, 2022",317,STORY
"May 01, 2022",316,FORGO
"April 30, 2022",315,LARVA
"April 29, 2022",314,TRASH
"April 28, 2022",313,ZESTY
"April 27, 2022",312,SHOWN
"April 26, 2022",311,HEIST
"April 25, 2022",310,ASKEW
"April 24, 2022",309,INERT
"April 23, 2022",308,OLIVE
"April 22, 2022",307,PLANT
"April 21, 2022",306,OXIDE
"April 20, 2022",305,CARGO
"April 19, 2022",304,FOYER
"April 18, 2022",303,FLAIR
"April 17, 2022",302,AMPLE
"April 16, 2022",301,CHEEK
"April 15, 2022",300,SHAME
"April 14, 2022",299,MINCE
"April 13, 2022",298,CHUNK
"April 12, 2022",297,ROYAL
"April 11, 2022",296,SQUAD
"April 10, 2022",295,BLACK
"April 09, 2022",294,STAIR
"April 08, 2022",293,SCARE
"April 07, 2022",292,FORAY
"April 06, 2022",291,COMMA
"April 05, 2022",290,NATAL
"April 04, 2022",289,SHAWL
"April 03, 2022",288,FEWER
"April 02, 2022",287,TROPE
"April 01, 2022",286,SNOUT
"March 31, 2022",285,LOWLY
"March 30, 2022",284,STOVE
"March 29, 2022",283,SHALL
"March 28, 2022",282,FOUND
"March 27, 2022",281,NYMPH
"March 26, 2022",280,EPOXY
"March 25, 2022",279,DEPOT
"March 24, 2022",278,CHEST
"March 23, 2022",277,PURGE
"March 22, 2022",276,SLOSH
"March 21, 2022",275,THEIR
"March 20, 2022",274,RENEW
"March 19, 2022",273,ALLOW
"March 18, 2022",272,SAUTE
"March 17, 2022",271,MOVIE
"March 16, 2022",270,CATER
"March 15, 2022",269,TEASE
"March 14, 2022",268,SMELT
"March 13, 2022",267,FOCUS
"March 12, 2022",266,TODAY
"March 11, 2022",265,WATCH
"March 10, 2022",264,LAPSE
"March 09, 2022",263,MONTH
"March 08, 2022",262,SWEET
"March 07, 2022",261,HOARD
"March 06, 2022",260,CLOTH
"March 05, 2022",259,BRINE
"March 04, 2022",258,AHEAD
"March 03, 2022",257,MOURN
"March 02, 2022",256,NASTY
"March 01, 2022",255,RUPEE
"February 28, 2022",254,CHOKE
"February 27, 2022",253,CHANT
"February 26, 2022",252,SPILL
"February 25, 2022",251,VIVID
"February 24, 2022",250,BLOKE
"February 23, 2022",249,TROVE
"February 22, 2022",248,THORN
"February 21, 2022",247,OTHER
"February 20, 2022",246,TACIT
"February 19, 2022",245,SWILL
"February 18, 2022",244,DODGE
"February 17, 2022",243,SHAKE
"February 16, 2022",242,CAULK
"February 15, 2022",241,AROMA
"February 14, 2022",240,CYNIC
"February 13, 2022",239,ROBIN
"February 12, 2022",238,ULTRA
"February 11, 2022",237,ULCER
"February 10, 2022",236,PAUSE
"February 09, 2022",235,HUMOR
"February 08, 2022",234,FRAME
"February 07, 2022",233,ELDER
"February 06, 2022",232,SKILL
"February 05, 2022",231,ALOFT
"February 04, 2022",230,PLEAT
"February 03, 2022",229,SHARD
"February 02, 2022",228,MOIST
"February 01, 2022",227,THOSE
"January 31, 2022",226,LIGHT
"January 30, 2022",225,WRUNG
"January 29, 2022",224,COULD
"January 28, 2022",223,PERKY
"January 27, 2022",222,MOUNT
"January 26, 2022",221,WHACK
"January 25, 2022",220,SUGAR
"January 24, 2022",219,KNOLL
"January 23, 2022",218,CRIMP
"January 22, 2022",217,WINCE
"January 21, 2022",216,PRICK
"January 20, 2022",215,ROBOT
"January 19, 2022",214,POINT
"January 18, 2022",213,PROXY
"January 17, 2022",212,SHIRE
"January 16, 2022",211,SOLAR
"January 15, 2022",210,PANIC
"January 14, 2022",209,TANGY
"January 13, 2022",208,ABBEY
"January 12, 2022",207,FAVOR
"January 11, 2022",206,DRINK
"January 10, 2022",205,QUERY
"January 09, 2022",204,GORGE
"January 08, 2022",203,CRANK
"January 07, 2022",202,SLUMP
"January 06, 2022",201,BANAL
"January 05, 2022",200,TIGER
"January 04, 2022",199,SIEGE
"January 03, 2022",198,TRUSS
"January 02, 2022",197,BOOST
"January 01, 2022",196,REBUS
"December 31, 2021",195,UNIFY
"December 30, 2021",194,TROLL
"December 29, 2021",193,TAPIR
"December 28, 2021",192,ASIDE
"December 27, 2021",191,FERRY
"December 26, 2021",190,ACUTE
"December 25, 2021",189,PICKY
"December 24, 2021",188,WEARY
"December 23, 2021",187,GRIPE
"December 22, 2021",186,CRAZE
"December 21, 2021",185,PLUCK
"December 20, 2021",184,BRAKE
"December 19, 2021",183,BATON
"December 18, 2021",182,CHAMP
"December 17, 2021",181,PEACH
"December 16, 2021",180,USING
"December 15, 2021",179,TRACE
"December 14, 2021",178,VITAL
"December 13, 2021",177,SONIC
"December 12, 2021",176,MASSE
"December 11, 2021",175,CONIC
"December 10, 2021",174,VIRAL
"December 09, 2021",173,RHINO
"December 08, 2021",172,BREAK
"December 07, 2021",171,TRIAD
"December 06, 2021",170,EPOCH
"December 05, 2021",169,USHER
"December 04, 2021",168,EXULT
"December 03, 2021",167,GRIME
"December 02, 2021",166,CHEAT
"December 01, 2021",165,SOLVE
"November 30, 2021",164,BRING
"November 29, 2021",163,PROVE
"November 28, 2021",162,STORE
"November 27, 2021",161,TILDE
"November 26, 2021",160,CLOCK
"November 25, 2021",159,WROTE
"November 24, 2021",158,RETCH
"November 23, 2021",157,PERCH
"November 22, 2021",156,ROUGE
"November 21, 2021",155,RADIO
"November 20, 2021",154,SURER
"November 19, 2021",153,FINER
"November 18, 2021",152,VODKA
"November 17, 2021",151,HERON
"November 16, 2021",150,CHILL
"November 15, 2021",149,GAUDY
"November 14, 2021",148,PITHY
"November 13, 2021",147,SMART
"November 12, 2021",146,BADLY
"November 11, 2021",145,ROGUE
"November 10, 2021",144,GROUP
"November 09, 2021",143,FIXER
"November 08, 2021",142,GROIN
"November 07, 2021",141,DUCHY
"November 06, 2021",140,COAST
"November 05, 2021",139,BLURT
"November 04, 2021",138,PULPY
"November 03, 2021",137,ALTAR
"November 02, 2021",136,GREAT
"November 01, 2021",135,BRIAR
"October 31, 2021",134,CLICK
"October 30, 2021",133,GOUGE
"October 29, 2021",132,WORLD
"October 28, 2021",131,ERODE
"October 27, 2021",130,BOOZY
"October 26, 2021",129,DOZEN
"October 25, 2021",128,FLING
"October 24, 2021",127,GROWL
"October 23, 2021",126,ABYSS
"October 22, 2021",125,STEED
"October 21, 2021",124,ENEMA
"October 20, 2021",123,JAUNT
"October 19, 2021",122,COMET
"October 18, 2021",121,TWEED
"October 17, 2021",120,PILOT
"October 16, 2021",119,DUTCH
"October 15, 2021",118,BELCH
"October 14, 2021",117,OUGHT
"October 13, 2021",116,DOWRY
"October 12, 2021",115,THUMB
"October 11, 2021",114,HYPER
"October 10, 2021",113,HATCH
"October 09, 2021",112,ALONE
"October 08, 2021",111,MOTOR
"October 07, 2021",110,ABACK
"October 06, 2021",109,GUILD
"October 05, 2021",108,KEBAB
"October 04, 2021",107,SPEND
"October 03, 2021",106,FJORD
"October 02, 2021",105,ESSAY
"October 01, 2021",104,SPRAY
"September 30, 2021",103,SPICY
"September 29, 2021",102,AGATE
"September 28, 2021",101,SALAD
"September 27, 2021",100,BASIC
"September 26, 2021",99,MOULT
"September 25, 2021",98,CORNY
"September 24, 2021",97,FORGE
"September 23, 2021",96,CIVIC
"September 22, 2021",95,ISLET
"September 21, 2021",94,LABOR
"September 20, 2021",93,GAMMA
"September 19, 2021",92,LYING
"September 18, 2021",91,AUDIT
"September 17, 2021",90,ROUND
"September 16, 2021",89,LOOPY
"September 15, 2021",88,LUSTY
"September 14, 2021",87,GOLEM
"September 13, 2021",86,GONER
"September 12, 2021",85,GREET
"September 11, 2021",84,START
"September 10, 2021",83,LAPEL
"September 09, 2021",82,BIOME
"September 08, 2021",81,PARRY
"September 07, 2021",80,SHRUB
"September 06, 2021",79,FRONT
"September 05, 2021",78,WOOER
"September 04, 2021",77,TOTEM
"September 03, 2021",76,FLICK
"September 02, 2021",75,DELTA
"September 01, 2021",74,BLEED
"August 31, 2021",73,ARGUE
"August 30, 2021",72,SWIRL
"August 29, 2021",71,ERROR
"August 28, 2021",70,AGREE
"August 27, 2021",69,OFFAL
"August 26, 2021",68,FLUME
"August 25, 2021",67,CRASS
"August 24, 2021",66,PANEL
"August 23, 2021",65,STOUT
"August 22, 2021",64,BRIBE
"August 21, 2021",63,DRAIN
"August 20, 2021",62,YEARN
"August 19, 2021",61,PRINT
"August 18, 2021",60,SEEDY
"August 17, 2021",59,IVORY
"August 16, 2021",58,BELLY
"August 15, 2021",57,STAND
"August 14, 2021",56,FIRST
"August 13, 2021",55,FORTH
"August 12, 2021",54,BOOBY
"August 11, 2021",53,FLESH
"August 10, 2021",52,UNMET
"August 09, 2021",51,LINEN
"August 08, 2021",50,MAXIM
"August 07, 2021",49,POUND
"August 06, 2021",48,MIMIC
"August 05, 2021",47,SPIKE
"August 04, 2021",46,CLUCK
"August 03, 2021",45,CRATE
"August 02, 2021",44,DIGIT
"August 01, 2021",43,REPAY
"July 31, 2021",42,SOWER
"July 30, 2021",41,CRAZY
"July 29, 2021",40,ADOBE
"July 28, 2021",39,OUTDO
"July 27, 2021",38,TRAWL
"July 26, 2021",37,WHELP
"July 25, 2021",36,UNFED
"July 24, 2021",35,PAPER
"July 23, 2021",34,STAFF
"July 22, 2021",33,CROAK
"July 21, 2021",32,HELIX
"July 20, 2021",31,FLOSS
"July 19, 2021",30,PRIDE
"July 18, 2021",29,BATTY
"July 17, 2021",28,REACT
"July 16, 2021",27,MARRY
"July 15, 2021",26,ABASE
"July 14, 2021",25,COLON
"July 13, 2021",24,STOOL
"July 12, 2021",23,CRUST
"July 11, 2021",22,FRESH
"July 10, 2021",21,DEATH
"July 09, 2021",20,MAJOR
"July 08, 2021",19,FEIGN
"July 07, 2021",18,ABATE
"July 06, 2021",17,BENCH
"July 05, 2021",16,QUIET
"July 04, 2021",15,GRADE
"July 03, 2021",14,STINK
"July 02, 2021",13,KARMA
"July 01, 2021",12,MODEL
"June 30, 2021",11,DWARF
"June 29, 2021",10,HEATH
"June 28, 2021",9,SERVE
"June 27, 2021",8,NAVAL
"June 26, 2021",7,EVADE
"June 25, 2021",6,FOCAL
"June 24, 2021",5,BLUSH
"June 23, 2021",4,AWAKE
"June 22, 2021",3,HUMPH
"June 21, 2021",2,SISSY
"June 20, 2021",1,REBUT
"June 19, 2021",0,CIGAR
